0.00120482	1	0	0	0	1	0	0	0	1
0.00265769	0.999999997868	-1.00809418674e-06	6.52973174783e-05	1.0079384216e-06	0.999999999997	2.38550822065e-06	-6.52973198829e-05	-2.38544239989e-06	0.999999997865
0.00439595	0.999999752803	-1.24996517391e-05	0.000703020407393	1.24816175736e-05	0.999999999593	2.56567884122e-05	-0.000703020727808	-2.5648007238e-05	0.999999752552
0.00647429	0.999995875522	-5.18564303036e-05	0.00287162833236	5.15547903202e-05	0.999999993146	0.000105115366505	-0.00287163376359	-0.000104966886762	0.999995871342
0.00881244	0.999975534118	-0.000123563616758	0.00699399012731	0.000121766353031	0.99999995946	0.000257397823941	-0.00699402164878	-0.000256539893805	0.999975508624
0.0108849	0.999928410162	-0.00020664945329	0.0119637722798	0.000201369936201	0.999999881824	0.000442494940998	-0.0119638623073	-0.000440054118796	0.999928333607
0.0125663	0.999855495845	-0.000289680431187	0.0169971619502	0.000278994562378	0.999999761967	0.000631053334726	-0.0169973407081	-0.000626220029137	0.999855338665
0.0140482	0.999753285822	-0.000375380021018	0.0222087050175	0.000357094287312	0.999999594013	0.000827318905622	-0.02220900656	-0.000819184192627	0.999753013981
0.0153912	0.99962060203	-0.000463129523287	0.0275397441499	0.000434950377457	0.999999375784	0.00102919895961	-0.0275402036116	-0.0010168300615	0.999620179489
0.0165999	0.999460896678	-0.000550652533918	0.0328270131705	0.000510533663424	0.999999112613	0.00123049916348	-0.0328276616177	-0.001213076502	0.999460290896
0.0177119	0.999273444894	-0.000638897994591	0.0381074026757	0.000584730429734	0.999998802912	0.00143257307205	-0.0381082723258	-0.00140924967083	0.999272622259
0.0187405	0.999059821463	-0.000727479011202	0.0433467866506	0.000657263270542	0.999998448876	0.00163409014932	-0.0433479081807	-0.00160406356207	0.999058749942
0.0196965	0.998821813235	-0.000816096319904	0.0485213292593	0.0007279594498	0.999998053075	0.0018340996583	-0.0485227315939	-0.0017966171862	0.998820462689
0.0206091	0.998554807354	-0.000906630338084	0.0537352280383	0.00079834362633	0.999997607408	0.0020366211681	-0.0537369459344	-0.00199077868135	0.998553142022
0.021472	0.998262633859	-0.000997856528907	0.0589128010209	0.000867472152404	0.999997117833	0.0022387089898	-0.0589148651347	-0.0021837143183	0.998260622312
0.0222986	0.99794305678	-0.00109058399497	0.0640973170425	0.000935976898357	0.999996580173	0.0024420463377	-0.0640997610974	-0.00237702957905	0.997940664748
0.0230915	0.997596747437	-0.00118465608132	0.0692771686251	0.00100374371213	0.999995995106	0.00264618023594	-0.0692800259909	-0.0025702842741	0.997593941259
0.0238606	0.997220554549	-0.00128089795168	0.0744951332944	0.00107134919987	0.999995356828	0.00285281134011	-0.0744984415609	-0.00276507180516	0.997217296572
0.024607	0.996814608214	-0.00137919176317	0.0797416746779	0.00113867562124	0.999994665043	0.00306158496113	-0.0797454717723	-0.00296103271259	0.996810860704
0.025332	0.996379145235	-0.00147942549363	0.0850082951361	0.00120561937419	0.999993919639	0.00327218062912	-0.0850126192024	-0.00315784489071	0.996374870514
0.0260364	0.99591449097	-0.00158149373529	0.0902874606636	0.00127209039491	0.999993120658	0.00348431105747	-0.0902923499613	-0.00335522206169	0.995909651536
0.0267276	0.99541623934	-0.00168627905683	0.095622523084	0.00133862275179	0.999992259949	0.0036997473823	-0.0956280217674	-0.00355478614082	0.995410792059
0.0273999	0.994889151794	-0.00179271579957	0.100957227639	0.00140450577529	0.999991345177	0.00391623991376	-0.100963374578	-0.00375442959675	0.994883059084
0.0280599	0.99432853339	-0.00190169759409	0.106335089375	0.00147026084912	0.999990367621	0.00413557711752	-0.106341929732	-0.00395578201119	0.994321751633
0.028708	0.993734224075	-0.00201316339341	0.111750790043	0.00153580249318	0.99998932637	0.00435757462262	-0.111758369766	-0.0041586438945	0.993726709145
0.0293502	0.993100282968	-0.00212809138312	0.117248877163	0.00160163577846	0.999988210295	0.00458410657524	-0.117257250231	-0.00436468754038	0.993091983036
0.029981	0.992431953273	-0.0022454150591	0.122775307919	0.00166708648939	0.999987027903	0.00481298756589	-0.12278452242	-0.00457188559403	0.99242282265
0.0306007	0.991729291646	-0.00236506702157	0.128325439989	0.00173207891554	0.999985778628	0.00504405043265	-0.128335544542	-0.00478006277367	0.991719284378
0.0312094	0.990992416272	-0.0024869794117	0.133894905898	0.00179654163706	0.999984462016	0.00527713602299	-0.13390594957	-0.00498905400498	0.990981486209
0.0318129	0.990214541478	-0.00261218569748	0.139528987421	0.00186096407714	0.99998306518	0.0055141786983	-0.139541028581	-0.00520056149806	0.990202633557
0.0324058	0.989402293988	-0.00273954596059	0.145174362543	0.00192470969035	0.99998159926	0.00575296735173	-0.145187451746	-0.00541258059266	0.989389361084
0.0329936	0.988548406521	-0.00287012767172	0.150876805146	0.00198826140874	0.999980050363	0.00599547270026	-0.15089100298	-0.00562683245504	0.988534391904
0.0335712	0.98766021982	-0.00300275150248	0.156583120635	0.00205100155173	0.999978431034	0.00623945983987	-0.156598478846	-0.00584131405361	0.987645075659
0.0341439	0.986729988512	-0.00313851743176	0.162339395955	0.00211340510669	0.999976726362	0.00648692933834	-0.162355977068	-0.00605775880307	0.986713656675
0.0347116	0.985757226219	-0.0032774111972	0.168142646383	0.00217540198383	0.999974934553	0.0067377958317	-0.16816051434	-0.00627605308338	0.98573964746
0.0352696	0.984750405701	-0.0034181866293	0.173939513833	0.00223640091707	0.999973070423	0.00698977386906	-0.173958722068	-0.00649418416506	0.984731531225
0.0358229	0.983700985511	-0.00356199951905	0.179776759521	0.00229686497646	0.999971117353	0.0072449203202	-0.179797373495	-0.00671391231641	0.983680755055
0.0363667	0.982618120393	-0.00370756946486	0.185601410028	0.00235622610924	0.999969091597	0.00750093654413	-0.185623483629	-0.00693323727996	0.982596485108
0.0369015	0.981502472874	-0.00385481767517	0.191410647881	0.00241444571905	0.999966993742	0.00775769798927	-0.191434234643	-0.00715204914092	0.981479384399
0.0374317	0.980344868461	-0.00400493150504	0.197250854007	0.00247196344682	0.999964805749	0.00801727263653	-0.197276020539	-0.00737209518731	0.980320266001
0.0379531	0.979155361857	-0.00415659473253	0.203070185078	0.00252825309979	0.999962545864	0.00827736711538	-0.20309698492	-0.00759141556818	0.979129197362
0.0384702	0.977924328551	-0.00431101852245	0.20891486962	0.00258373881969	0.999960195028	0.00854006167839	-0.208943370133	-0.00781175262397	0.977896540846
0.0389829	0.97665169756	-0.00446817193734	0.214782441306	0.00263836638891	0.999957752198	0.008805273573	-0.214812710696	-0.00803301060847	0.976622224846
0.0394872	0.975348527101	-0.00462668724	0.220621495884	0.00269164513863	0.999955237861	0.00907068465892	-0.220653587615	-0.00825324414501	0.975317321816
0.0399873	0.974004444391	-0.00478781973195	0.226478297168	0.00274397774098	0.999952631252	0.00933840659502	-0.226512279782	-0.00847419812084	0.973971444691
0.0404833	0.972619507375	-0.0049515336578	0.232350545917	0.00279531576229	0.999949931585	0.0096083574664	-0.232386488599	-0.00869578276227	0.972584650958
0.0409752	0.971193822612	-0.00511779050269	0.238235948463	0.00284561189536	0.999947138166	0.00988045375923	-0.238273920966	-0.00891790860672	0.971157046771
0.041459	0.969739767264	-0.00528515516331	0.244083696549	0.00289442466811	0.999944274544	0.0101523451859	-0.244123751593	-0.00913865098539	0.969701025557
0.0419388	0.968245949655	-0.00545494206888	0.249940041979	0.00294212530456	0.999941317563	0.0104261847339	-0.249982249122	-0.00935975621681	0.968205179746
0.0424147	0.966712587472	-0.00562710933883	0.255802871101	0.00298867266669	0.999938266776	0.0107018911114	-0.255847300276	-0.0095811417982	0.966669726775
0.0428867	0.965139937278	-0.00580161347766	0.261670102899	0.00303402729557	0.999935121814	0.0109793825658	-0.261716824351	-0.00980272636624	0.965094923004
0.0433549	0.963528286711	-0.00597841028948	0.267539715404	0.00307815173594	0.99993188238	0.0112585781198	-0.267588799634	-0.0100244306472	0.963481055912
0.043823	0.96186410351	-0.00615894553746	0.273458431517	0.0031213558282	0.999928520173	0.0115417365417	-0.273509969683	-0.0102480210026	0.961814573891
0.0442873	0.96016097164	-0.00634171679	0.279375537883	0.00316323783607	0.99992506156	0.0118264614807	-0.279429601985	-0.0104715754744	0.960109079033
0.0447477	0.958419294085	-0.00652667468186	0.285289080134	0.00320376463631	0.999921506476	0.0121126701989	-0.285345742247	-0.0106950177554	0.958364974306
0.0452044	0.956639504139	-0.00671376899164	0.291197157311	0.00324290494742	0.999917854928	0.012400280762	-0.29125648952	-0.0109182737372	0.956582693033
0.045661	0.954806704512	-0.0069045359474	0.29714724364	0.0032809338976	0.999914075218	0.0126916371425	-0.297209341193	-0.0111431397706	0.95474731628
0.0461138	0.952936141771	-0.00709736866011	0.303088002179	0.00331749457642	0.99991019769	0.0129842514046	-0.303152938195	-0.0113676696339	0.952874111387
0.0465629	0.951028357318	-0.00729221247487	0.309017616349	0.00335256063258	0.999906222593	0.0132780404152	-0.30908546377	-0.0115917926691	0.950963619929
0.0470119	0.949067357279	-0.00749067710484	0.314984191831	0.0033863791333	0.999902115444	0.013575417749	-0.315055048814	-0.0118173299525	0.948999824515
0.0474572	0.947069700653	-0.00769107264032	0.320935865099	0.00341862966547	0.999897909814	0.0138738214315	-0.321009805265	-0.0120423150409	0.94699930706
0.0478987	0.945036029762	-0.00789334060449	0.326870918905	0.00344929110451	0.999893606191	0.0141731679482	-0.326948015504	-0.012266681414	0.944962710209
0.0483365	0.942967007516	-0.00809742255662	0.332787701821	0.00347834447195	0.999889205125	0.0144733753667	-0.332868027686	-0.0124903651952	0.942890697229
0.0487707	0.940863328894	-0.00830325881671	0.338684591081	0.00350577261995	0.999884707253	0.0147743615901	-0.338768218553	-0.0127133038617	0.940783963513
0.0492048	0.938707377332	-0.00851255862241	0.344609918732	0.00353176750874	0.999880073749	0.0150786185923	-0.344696948581	-0.0129373283984	0.938624866053
0.0496353	0.936517669877	-0.0087235193187	0.350511846046	0.00355608041517	0.999875343308	0.0153835021274	-0.350602350676	-0.0131604732559	0.936431948218
0.0500621	0.934294989424	-0.00893607824759	0.356388859594	0.00357869964967	0.999870516802	0.0156889304302	-0.356482910735	-0.0133826804034	0.934205993461
