0.00120482	1	0	0	0	1	0	0	0	1
0.00265769	0.99999999908	-5.16600151445e-07	4.28864309909e-05	5.1653281949e-07	0.999999999999	1.57001707975e-06	-4.28864318019e-05	-1.56999492605e-06	0.999999999079
0.00439595	0.999999861252	-8.69744196504e-06	0.000526706605889	8.68732528474e-06	0.999999999778	1.92097148614e-05	-0.000526706772847	-1.92051365245e-05	0.999999861106
0.00647429	0.999997868164	-3.47962935995e-05	0.00206457159451	3.46404366969e-05	0.999999996548	7.5526869857e-05	-0.00206457421544	-7.54551911845e-05	0.999997865918
0.00887239	0.99998761845	-8.18597292135e-05	0.00497556488954	8.09507489552e-05	0.999999979999	0.000182889970682	-0.00497557976134	-0.000182484930516	0.999987605076
0.0113353	0.999957238055	-0.00014904742734	0.00924661274073	0.000145897676588	0.99999993111	0.000341311942152	-0.0092466629754	-0.000339948287674	0.999957190913
0.0132628	0.999908310539	-0.000216015976551	0.0135397139173	0.000209248354511	0.999999852482	0.000501249589483	-0.0135398201978	-0.00049837046732	0.999908208235
0.0148993	0.999840994828	-0.000282663145929	0.0178298951837	0.000270906493252	0.999999744321	0.000661790538767	-0.0178300776887	-0.000656855076269	0.999840815766
0.0163417	0.999755364278	-0.000349421395676	0.0221153680192	0.000331305098971	0.999999606593	0.000822830905932	-0.0221156468336	-0.000815302677909	0.999755086732
0.0176489	0.999651255892	-0.000416654541274	0.0264044123755	0.000390790946946	0.999999438853	0.000984670523802	-0.0264048078262	-0.000974008520443	0.999650857765
0.0188424	0.999529754502	-0.000484000264765	0.030660000147	0.000449078041891	0.999999242631	0.00114589148943	-0.0306605315379	-0.00113158390629	0.999529214843
0.0199696	0.999387944941	-0.000553110533131	0.0349775581814	0.000507596204861	0.999999012978	0.00131011029774	-0.0349782482936	-0.00129155396231	0.999387239279
0.0210226	0.999228274177	-0.000622776704521	0.0392742693722	0.000565314872057	0.999998753606	0.00147417953915	-0.0392751385057	-0.00145083954817	0.99922738081
0.0220223	0.999049296126	-0.000693696531507	0.043589249771	0.000622819032218	0.999998461917	0.00163959116455	-0.0435903201058	-0.00161088418452	0.999048191553
0.022985	0.998848836727	-0.00076660518335	0.0479626280083	0.000680675673771	0.999998134087	0.0018079002673	-0.0479639244599	-0.00177317208478	0.998847494771
0.0239018	0.998629649681	-0.000840431470881	0.0523270145641	0.00073801544313	0.999997774344	0.00197652202786	-0.0523285592335	-0.00193519535543	0.998628047327
0.0247867	0.998389460594	-0.000915917560419	0.056724298752	0.000795404485348	0.999997378682	0.00214708171112	-0.0567261166094	-0.00209850498976	0.998387572024
0.0256512	0.998125252092	-0.000993836908743	0.0611963514019	0.000853382884218	0.999996941808	0.00232123091824	-0.0611984711767	-0.00226465527657	0.998123047756
0.0264773	0.997843290834	-0.0010722952837	0.0656324395431	0.000910524369094	0.999996473793	0.00249466378	-0.0656348831257	-0.00242952358015	0.997840748583
0.0272765	0.997541028361	-0.00115204708027	0.0700754559287	0.000967386023364	0.999995970149	0.00266905418797	-0.0700782484112	-0.00259470104278	0.997538122894
0.0280501	0.997218830359	-0.00123298852536	0.0745190184891	0.00102388681237	0.999995431207	0.00284415558517	-0.0745221848383	-0.0027599464657	0.997215536713
0.0287996	0.996877167797	-0.00131500401146	0.0789568432062	0.00107994207734	0.999994857491	0.00301972115294	-0.0789604081154	-0.00292502225321	0.996873461476
0.0295262	0.996516606911	-0.00139797064305	0.0833828389322	0.00113546724702	0.999994249701	0.00319550928528	-0.0833868266841	-0.00308969958775	0.996512463992
0.030238	0.99613363082	-0.00148267600163	0.0878384381796	0.00119097693273	0.999993601615	0.00337317403194	-0.0878428774797	-0.00325551854214	0.996129023006
0.0309287	0.99573225279	-0.00156822740988	0.0922757899756	0.00124587969598	0.999992919744	0.00355080904891	-0.0922807051155	-0.00342069056034	0.995727156574
0.0316059	0.99530881687	-0.00165538880198	0.0967347856209	0.00130065493338	0.999992197598	0.00373001873885	-0.0967402054885	-0.00358670196172	0.99530320416
0.0322635	0.99486784368	-0.00174322962818	0.101167854386	0.00135471298162	0.999991442617	0.00390889309921	-0.101173802752	-0.00375177864313	0.994861691791
0.0329086	0.994405424411	-0.0018325330722	0.105614836669	0.00140853263568	0.999990647844	0.00408904141038	-0.105621342246	-0.00391740301487	0.994398705759
0.0335416	0.993921702905	-0.00192324379786	0.110072474434	0.00146206406437	0.999989813226	0.00427034100953	-0.110079566058	-0.00408345159883	0.993914389955
0.0341627	0.993416863579	-0.00201530565487	0.114537651885	0.0015152597835	0.999988938783	0.00445267327478	-0.114545358456	-0.00424980642158	0.993408928892
0.034778	0.992886059146	-0.00210954868741	0.119049667606	0.00156857007607	0.999988015771	0.0046376613717	-0.11905802426	-0.00441793157683	0.992877469147
0.0353819	0.992334199486	-0.00220505799826	0.12356364453	0.0016214524715	0.999987052385	0.0048234795111	-0.123572680728	-0.00458615110257	0.992324926521
0.0359747	0.991761560579	-0.00230177902859	0.128076964247	0.00167386832123	0.999986048815	0.00501002394419	-0.12808670939	-0.00475436519229	0.991751577205
0.0365621	0.991162851207	-0.00240056836429	0.132628954827	0.00172625823107	0.999984995441	0.0051989349949	-0.132639445187	-0.00492403940783	0.991152123247
0.0371441	0.990537782285	-0.00250141164175	0.137217509107	0.0017785779437	0.999983891352	0.00539014809572	-0.137228781697	-0.00509509330574	0.990526275016
0.0377155	0.989892167821	-0.00260334657001	0.141798161744	0.00183031032407	0.999982746477	0.00558181988328	-0.141810246637	-0.00526586514527	0.989879853625
0.0382817	0.989220186477	-0.00270726716258	0.146410701009	0.00188189005344	0.999981550142	0.00577562690748	-0.146423635917	-0.00543783788449	0.989207030284
0.0388428	0.988521633913	-0.00281315661053	0.151053187443	0.00193327679638	0.999980301575	0.00597150760919	-0.15106701072	-0.00561093683646	0.988507600203
0.0393988	0.987796338385	-0.00292099582859	0.155723670827	0.00198443037248	0.999979000057	0.0061693988269	-0.155738421427	-0.00578508678914	0.987781391231
0.0399497	0.987044151987	-0.00303076512538	0.160420249628	0.00203531177637	0.999977644905	0.00636923822501	-0.160435967084	-0.00596021411938	0.987028255074
0.0404956	0.986264952853	-0.00314244373394	0.165141054318	0.00208588288673	0.999976235482	0.00657096366992	-0.165157778704	-0.00613624627501	0.986248069512
0.0410366	0.985458645949	-0.00325600964475	0.169884241544	0.00213610637596	0.999974771193	0.00677451299897	-0.169902013447	-0.00631311159539	0.985440739187
0.0415726	0.984625161699	-0.00337143981428	0.174648001257	0.00218594583561	0.999973251489	0.00697982429035	-0.174666861741	-0.00649073954946	0.984606194227
0.0421038	0.983764457661	-0.00348870989916	0.179430545742	0.00223536565104	0.999971675867	0.00718683545084	-0.179450536311	-0.0066690604009	0.983744391929
0.0426301	0.982876516441	-0.00360779460691	0.184230120357	0.00228433121096	0.99997004387	0.00739548465624	-0.184251282926	-0.00684800558238	0.982855314662
0.0431564	0.981952784059	-0.00372978716818	0.189089445943	0.00233325011113	0.999968339249	0.007607656951	-0.18911183417	-0.00702916695244	0.981930397222
0.0436779	0.981001354753	-0.00385357247219	0.193962604521	0.00238163808054	0.999966576419	0.00782137099162	-0.193986261816	-0.00721082681368	0.98097774399
0.0441946	0.980022289197	-0.00397912109241	0.198847879726	0.00242946231817	0.999964755058	0.00803656356884	-0.198872849804	-0.00739291799518	0.979997415494
0.0447114	0.979006173259	-0.00410759275083	0.203789205803	0.00247712456604	0.999962857102	0.00825519651161	-0.203815545467	-0.00757707709835	0.978979985152
0.0452233	0.97796209706	-0.00423779850517	0.208739497405	0.00252414899039	0.999960898992	0.00847520850165	-0.208767251707	-0.00776154308766	0.977934554591
0.0457352	0.976880004104	-0.00437094850687	0.213743660471	0.00257093348088	0.999958861297	0.00869862141535	-0.21377288856	-0.0079479885909	0.976851053945
0.0462424	0.975769729958	-0.00450579630796	0.218753587165	0.00261700648977	0.999956761985	0.00892330862206	-0.218784335305	-0.0081346148872	0.97573933131
0.0467495	0.974620543933	-0.00464360336212	0.223815174401	0.00266275994375	0.999954580183	0.00915135406366	-0.223847504015	-0.00832313159404	0.974588641647
0.0472519	0.97344305958	-0.00478306326048	0.228879295833	0.00270772714749	0.999952335472	0.00938056485735	-0.228913254245	-0.0085117030725	0.973409612107
0.0477542	0.972225848261	-0.00492549264936	0.233992819326	0.00275229585519	0.999950005467	0.00961308657101	-0.234028470151	-0.00870207377913	0.972190798697
0.0482518	0.970980313608	-0.00506952940085	0.239105688884	0.00279601026611	0.999947611415	0.00984666195661	-0.239143080418	-0.00889237295382	0.97094361978
0.0487447	0.969706755642	-0.0052151333626	0.24421631896	0.0028388457668	0.999945153435	0.0100812239847	-0.244255499461	-0.00908253853983	0.969668375516
0.0492328	0.968405493074	-0.00536226402646	0.249323178041	0.00288077902775	0.999942631689	0.0103167069657	-0.249364195698	-0.00927251071363	0.968365384784
0.0497163	0.967076866206	-0.00551088023443	0.254424772867	0.00292178796794	0.999940046392	0.0105530458189	-0.254467675756	-0.00946223123933	0.967034988082
0.0501952	0.965721239801	-0.00566093983745	0.259519634629	0.00296185164055	0.999937397814	0.0107901755326	-0.259564470667	-0.00965164303747	0.965677550404
0.0506695	0.964338994907	-0.00581240040516	0.264606347058	0.00300095031019	0.999934686266	0.0110280324041	-0.264653163969	-0.00984069118513	0.964293453052
0.0511393	0.962930531391	-0.00596521824138	0.269683532842	0.00303906461293	0.99993191211	0.0112665536066	-0.26973237811	-0.01002932277	0.962883096167
0.0516047	0.961496271558	-0.00611934860884	0.274749837765	0.00307617614091	0.999929075761	0.0115056763428	-0.274800758586	-0.0102174860097	0.961446902361
0.05207	0.960022428729	-0.00627625226064	0.279852720185	0.00311260899986	0.999926149361	0.0117476589168	-0.279905784153	-0.0104069439497	0.959971065978
0.0525309	0.958523203214	-0.00643440529449	0.284941866577	0.00314798994853	0.999923160542	0.0119901280572	-0.284997121142	-0.0105958218205	0.958469806254
0.0529873	0.956999078103	-0.00659376306815	0.290016011279	0.00318230626178	0.999920109863	0.0122330216084	-0.290073503506	-0.0107840706329	0.95694360669
0.0534438	0.955435323775	-0.00675584899774	0.295123195609	0.0032158610289	0.999916967245	0.012478655939	-0.295182994632	-0.0109734734939	0.955377717219
0.0538958	0.953847215847	-0.00691907065676	0.300212616794	0.00324830742	0.999913762829	0.0127245984119	-0.300274769703	-0.0111621398973	0.95378743403
0.0543478	0.952219294419	-0.00708500238624	0.305332962646	0.00327993482656	0.999910464825	0.01297321707	-0.30539753988	-0.0113518753869	0.952157275643
0.0547953	0.950567652227	-0.00725199714671	0.31043283827	0.00331041397138	0.99990710528	0.0132220259321	-0.310499886793	-0.011540768943	0.950503356624
0.0552429	0.948876087974	-0.00742168041209	0.315561544443	0.00334001910508	0.999903650636	0.0134734448813	-0.315631135891	-0.0117306480833	0.948809452921
0.055686	0.947161519259	-0.00759234942535	0.320667136865	0.0033684383785	0.999900134888	0.0137249362234	-0.320739317917	-0.0119195839545	0.947092505229
0.0561292	0.945406997688	-0.00776567870229	0.325799482744	0.003395927785	0.99989652268	0.0139789701344	-0.325874326078	-0.0121094246698	0.94533554119
0.0565679	0.943630288234	-0.00793990913317	0.33090608482	0.00342219492192	0.999892850039	0.0142329555355	-0.330983636619	-0.0122982228113	0.943556350202
0.0570066	0.941813676836	-0.008116769527	0.336037373184	0.00344748131983	0.999889079746	0.0144894126182	-0.336117707056	-0.0124878444063	0.941737193035
0.0574409	0.939975772539	-0.00829444837826	0.341140365781	0.00347151858579	0.999885249873	0.0147456992173	-0.341223527322	-0.0126763248932	0.939896704532
0.0578751	0.938098102465	-0.00847472543297	0.346265980396	0.00349453004404	0.999881321321	0.0150043837818	-0.34635204404	-0.0128655470826	0.938016385405
0.0583094	0.936180351157	-0.00865760986565	0.351413425895	0.00351648286035	0.999877292609	0.0152654536184	-0.351502467212	-0.01305547844	0.936095919245
0.0587392	0.93424261251	-0.00884118736787	0.356528504297	0.00353713928344	0.999873205397	0.0155261642234	-0.356620568134	-0.0132441132481	0.9341554281
0.059169	0.932265043322	-0.00902733333171	0.361663374221	0.00355669385216	0.999869017221	0.0157891839909	-0.361758536774	-0.0134333783976	0.932175040116
0.0595988	0.930247374245	-0.00921605406825	0.366817239314	0.00357511407221	0.999864726665	0.0160544987324	-0.366915577851	-0.0136232418164	0.930154485025
0.0600286	0.928189341814	-0.00940735514342	0.371989310884	0.00359236688853	0.999860332317	0.0163220942227	-0.372090903736	-0.0138136718103	0.92809349843
0.0604539	0.926113242695	-0.0095991670099	0.377123478051	0.0036082586485	0.999855881241	0.0165890691949	-0.377228368729	-0.0140025976142	0.926014408682
0.0608791	0.923997191417	-0.00979350844157	0.382273825216	0.00362294074146	0.999851325907	0.0168582437659	-0.382382092355	-0.0141920144761	0.923895298273
0.0613043	0.921840986626	-0.00999038238649	0.387439527716	0.00363638235128	0.999846665004	0.0171296002138	-0.387551250934	-0.0143818893008	0.921735964992
0.0617295	0.919644426102	-0.0101897933239	0.392619787646	0.00364855403295	0.999841897208	0.0174031216063	-0.392735047574	-0.0145721892723	0.919536205762
0.0621501	0.917432136396	-0.0103895145492	0.397756625457	0.00365931922616	0.999837075434	0.0176757452589	-0.397875463544	-0.0147607782684	0.917320682714
0.0625706	0.915180058586	-0.0105917199014	0.40290603847	0.00366878405305	0.999832146626	0.0179504483685	-0.403028535454	-0.0149497171407	0.915065301259
0.0629865	0.91291374783	-0.0107941248363	0.40800977426	0.00367684217299	0.999827166188	0.0182241209581	-0.408135969812	-0.0151368630198	0.91279565376
0.0634024	0.91060828146	-0.0109989581322	0.41312417099	0.00368357269913	0.999822078749	0.0184997875102	-0.413254145809	-0.0153242867945	0.910486780358
0.0638136	0.908290120726	-0.0112038798653	0.418190781423	0.0036889010088	0.999816942197	0.0187742937286	-0.418324573268	-0.0155098411219	0.908165181136
0.0642202	0.905960189167	-0.0114088335339	0.423209137617	0.00369284676268	0.999811758398	0.01904758912	-0.423346782824	-0.0156935109486	0.905831780844
0.0646268	0.90359257708	-0.0116161023091	0.428235356799	0.0036954458922	0.999806469139	0.0193227313584	-0.428376934866	-0.0158773560341	0.903460630708
0.0650288	0.901214750018	-0.0118232924534	0.433211477347	0.00369667114719	0.99980113532	0.0195965414081	-0.433357022525	-0.0160592517974	0.90107923706
0.0654307	0.898799976042	-0.0120327368348	0.438193811357	0.0036965279024	0.999795696425	0.0198721184276	-0.438343402766	-0.0162412639163	0.898660827341
0.0658281	0.896376649688	-0.0122419847791	0.443124176392	0.00369502211943	0.999790215951	0.0201462378575	-0.443277845946	-0.0164212635611	0.896233838569
0.0662254	0.893917216507	-0.0124534211948	0.448059061211	0.00369213078354	0.999784631045	0.0204220394891	-0.448216887458	-0.0166013200428	0.89377067415
0.0666182	0.891450893383	-0.0126645479035	0.452940298398	0.00368789500319	0.999779007632	0.0206962636643	-0.453102310871	-0.01677930647	0.891300595062
0.0670063	0.888978613469	-0.0128753112135	0.457767682516	0.00368234120906	0.999773347769	0.0209688686636	-0.457933909159	-0.0169552189891	0.888824535773
0.0673945	0.886471941693	-0.013088143437	0.46259722988	0.00367540301123	0.999767585854	0.0212430150652	-0.462767747368	-0.0171311055606	0.886314017275
0.0677826	0.88393091337	-0.0133030398554	0.467428250664	0.0036670630074	0.999761721108	0.0215186815389	-0.467603136257	-0.0173069389806	0.883769074377
0.0681662	0.881386449	-0.0135174032604	0.472202506695	0.00365743498783	0.999755824513	0.0217925336262	-0.472381784883	-0.0174805938582	0.881220675058
0.0685497	0.878808579254	-0.0137337689694	0.476976796731	0.0036464058318	0.999749826122	0.0220678248562	-0.477160544004	-0.0176541428358	0.878638803199
0.0689286	0.876229043415	-0.0139494902845	0.481692926247	0.00363412337986	0.999743799426	0.0223411874617	-0.48188116442	-0.0178254657932	0.8760552472
0.0693076	0.873617073651	-0.0141671499503	0.486407751262	0.0036204408238	0.999737672073	0.0226159113725	-0.486600555933	-0.0179966358315	0.873439190823
0.0696819	0.871005209804	-0.0143840519519	0.491063156369	0.0036055391	0.999731520062	0.0228885971926	-0.491260546534	-0.018165539989	0.870823224642
0.0700562	0.868361870483	-0.0146028272554	0.495716067248	0.00358923677266	0.999725268583	0.0231625718857	-0.495918117506	-0.0183342519105	0.8681757172
0.0704258	0.865720338581	-0.0148207375217	0.500308545905	0.0035717516491	0.999718996065	0.0234344083969	-0.500515272451	-0.0185006660979	0.865530003753
0.0707955	0.863048313281	-0.0150404591902	0.504897408917	0.00355287278844	0.999712625381	0.0237074618827	-0.505108885329	-0.0186668487249	0.862853731939
0.0711652	0.86034599853	-0.0152619784149	0.509481927872	0.00353258840363	0.999706156142	0.0239817053567	-0.509698228006	-0.0188327742913	0.86014710543
0.0715302	0.857648335594	-0.0154824492983	0.514003527435	0.00351117549445	0.99969967171	0.0242536188889	-0.51422466306	-0.0189963192826	0.857445121133
0.0718952	0.854921448118	-0.0157046522925	0.518519702079	0.00348836876713	0.999693090272	0.0245266497165	-0.518745745844	-0.0191595709592	0.854713848027
0.0722602	0.852165496699	-0.0159285779517	0.523029871652	0.00346415803713	0.999686411377	0.0248007765514	-0.523260896538	-0.0193225079349	0.851953446405
0.0726204	0.84941700705	-0.0161512780735	0.527475008271	0.00343888135196	0.999679723305	0.0250723933506	-0.527711021515	-0.0194829933499	0.849200500907
0.0729807	0.84664056061	-0.0163756352352	0.531913150524	0.00341221774951	0.999672939499	0.0253450350872	-0.532154223792	-0.0196431312215	0.846419535157
0.0733409	0.84383634985	-0.0166016380541	0.536343733334	0.0033841579529	0.999666059591	0.0256186802382	-0.536589938545	-0.0198029017095	0.843610741359
0.0736964	0.841042511114	-0.0168262322406	0.540707289028	0.00335510118147	0.999659176949	0.0258896357311	-0.540958628543	-0.0199601565829	0.840812318151
0.0740519	0.838222053032	-0.0170524040944	0.545062386636	0.00332466773517	0.999652200105	0.0261615253686	-0.545318930898	-0.0201170161744	0.837987213067
0.0744073	0.835375191838	-0.0172801411816	0.549408486996	0.00329284969663	0.999645128762	0.026434327742	-0.549670306641	-0.0202734620389	0.835135642117
0.0747579	0.832541663585	-0.0175062844011	0.55368574878	0.00326011044596	0.999638061481	0.0267042640359	-0.553952841021	-0.0204273357119	0.832297407109
0.0751085	0.829682871756	-0.0177339273247	0.557953259813	0.00322601061517	0.999630901701	0.0269750480816	-0.558225693757	-0.0205807722192	0.829433847058
0.0754591	0.826799044352	-0.0179630575702	0.56221052002	0.00319054382207	0.99962364917	0.0272466594453	-0.562488364936	-0.0207337546898	0.826545189768
0.0758096	0.823890396783	-0.0181936637595	0.566457063411	0.00315370375547	0.99961630361	0.0275190789997	-0.566740388751	-0.020886267148	0.823631650438
0.0761552	0.820999240416	-0.0184224107457	0.57063198475	0.00311604634268	0.999608971793	0.0277883746562	-0.5709207804	-0.021036118776	0.82073561164
0.0765008	0.818084461145	-0.0186525635977	0.574795525648	0.00307704161333	0.999601549193	0.0280584152431	-0.575089859282	-0.0211854837631	0.817815889445
0.0768464	0.815146335136	-0.0188841056004	0.578947184871	0.00303668252656	0.999594035672	0.0283291794541	-0.579247124182	-0.0213343480093	0.814872759835
0.077192	0.812185116801	-0.0191170223886	0.583086507734	0.00299496304436	0.999586431055	0.0286006476752	-0.583392120484	-0.0214826978303	0.811906477035
0.0775324	0.809245757587	-0.0193477981039	0.587151570325	0.00295253868853	0.999578850777	0.0288687303971	-0.587462838265	-0.0216283098733	0.808962069488
0.0778728	0.806284508394	-0.0195798818538	0.591203788681	0.00290878749707	0.999571181816	0.0291374576368	-0.591520777724	-0.0217733945178	0.805995712651
0.0782132	0.803301683033	-0.0198132578039	0.595242673917	0.00286370777969	0.999563424136	0.0294068071757	-0.595565449984	-0.0219179366207	0.803007720286
0.0785536	0.800297553051	-0.0200479135625	0.5992678097	0.00281729831203	0.999555577622	0.0296767598525	-0.599596438791	-0.0220619221037	0.799998363862
0.0788887	0.797319812187	-0.0202801449301	0.603216240511	0.00277032164367	0.999547766923	0.0299430619271	-0.60355069581	-0.0222030935051	0.797015420319
0.0792238	0.79432197866	-0.0205135916733	0.607150547043	0.00272205574408	0.999539869982	0.0302099110981	-0.607490892632	-0.0223436987245	0.794012326413
0.0795589	0.791304339689	-0.020748240573	0.611070333515	0.00267250026187	0.999531886742	0.0304772887343	-0.611416633509	-0.0224837252111	0.790989369315
0.079894	0.788267176719	-0.0209840788301	0.614975224333	0.00262165484961	0.999523817134	0.0307451769706	-0.615327542886	-0.0226231610691	0.787946830407
0.0802291	0.785210792893	-0.021221092329	0.618864828508	0.0025695195625	0.999515661134	0.0310135570031	-0.619223229775	-0.0227619944015	0.7848850128
0.0805642	0.782135496481	-0.021459266763	0.622738761452	0.00251609470941	0.999507418723	0.0312824101391	-0.623103309582	-0.0229002136822	0.781804224727
0.0808936	0.779094189141	-0.0216945254469	0.626531397467	0.00246232639639	0.999499231887	0.0315471457824	-0.626902050878	-0.0230354731649	0.778757462617
0.0812231	0.776035218165	-0.021930877732	0.630308160165	0.00240731348843	0.999490961557	0.0318123027612	-0.630684980803	-0.0231701179777	0.775692980903
0.0815525	0.772958879926	-0.022168310429	0.634068715485	0.00235105710356	0.999482607727	0.0320778643613	-0.634451765286	-0.0233041383495	0.772611075938
0.0818819	0.769865457626	-0.0224068109623	0.637812756205	0.00229355779576	0.999474170359	0.0323438151311	-0.638202097104	-0.023437525618	0.769512030864
0.0822054	0.766810947227	-0.0226420806105	0.641473543803	0.0022358829462	0.999465802476	0.032605375466	-0.641869123763	-0.0235678990887	0.766451943759
0.082529	0.763740556749	-0.0228783510713	0.645117774542	0.00217700871669	0.999457354045	0.032867279765	-0.645519653156	-0.0236976475281	0.763375922394
0.0828525	0.760654583404	-0.0231156083334	0.64874515289	0.00211693557592	0.999448825086	0.033129512792	-0.649153389678	-0.0238267640573	0.760284263933
0.0831701	0.75761091525	-0.0233494202291	0.652288667439	0.00205681839327	0.999440375952	0.0333871893744	-0.65270320253	-0.0239528597707	0.75723496348
0.0834876	0.754552867431	-0.0235841534303	0.655815338307	0.00199555033988	0.999431849411	0.0336451506389	-0.656236228831	-0.0240783323685	0.754171231141
0.0838052	0.751480757192	-0.0238197937124	0.659324873638	0.00193313422307	0.999423245553	0.0339033809651	-0.659752176626	-0.0242031749217	0.751093384181
0.0841227	0.74839485251	-0.0240563305217	0.662817046928	0.00186957294533	0.999414564376	0.0341618677811	-0.663250819399	-0.0243273811809	0.748001690568
0.084434	0.745356337474	-0.0242890926671	0.666223663768	0.00180615862283	0.999405978517	0.0344155182339	-0.666663834311	-0.0244485190081	0.744957449751
0.0847453	0.74230518018	-0.0245226923533	0.669613065164	0.00174165465024	0.99939731855	0.0346693858294	-0.670059688473	-0.024569029986	0.741900516679
0.0850567	0.739241702417	-0.0247571164739	0.672984985413	0.00167606647962	0.999388584606	0.0349234557433	-0.673438116094	-0.0246889073027	0.738831213233
0.085368	0.736166188085	-0.0249923530695	0.676339209131	0.00160939711515	0.999379776737	0.035177715812	-0.676798901714	-0.0248081465828	0.735749823311
0.0856793	0.733078932129	-0.0252283888604	0.679675516452	0.0015416487787	0.999370895018	0.0354321536262	-0.680141825348	-0.0249267444135	0.732656641835
0.085984	0.730046281111	-0.025460167224	0.682923280699	0.00147430872538	0.999362130986	0.0356813335535	-0.683396117819	-0.0250421851143	0.729618143356
0.0862887	0.727002966416	-0.025692687239	0.68615346144	0.00140594431646	0.999353296422	0.0359306589314	-0.686632878723	-0.025157002069	0.726568933483
0.0865934	0.723949279965	-0.0259259384005	0.689365857695	0.00133656241333	0.999344391438	0.0361801175067	-0.689851907034	-0.0252711895236	0.723509304254
0.0868981	0.720885501611	-0.0261599108007	0.692560288087	0.00126616939749	0.999335416121	0.0364296980617	-0.693053021336	-0.025384742518	0.720439535606
0.0872028	0.717811911244	-0.0263945941843	0.695736577646	0.00119477107158	0.999326370556	0.0366793897605	-0.696236046609	-0.0254976569308	0.717359907503
0.0875075	0.714728802397	-0.0266299772479	0.698894543788	0.00112237314057	0.999317254851	0.0369291813463	-0.699400800188	-0.0256099290931	0.714270713545
0.0878049	0.711710225175	-0.0268604218005	0.70195945262	0.00105074982696	0.999308288846	0.0371731054462	-0.702472384729	-0.0257188954742	0.711246150857
0.0881024	0.708683182718	-0.0270915090911	0.705006522429	0.000978186581575	0.999299256318	0.0374171013574	-0.705526179304	-0.0258272425579	0.708213078006
0.0883998	0.70564796146	-0.0273232282095	0.70803558928	0.000904689676139	0.999290157398	0.0376611585577	-0.708562019885	-0.0259349672745	0.705171781517
0.0886972	0.702604839743	-0.0275555687538	0.711046503262	0.000830265284432	0.999280992204	0.0379052671722	-0.711579756478	-0.0260420669396	0.702122539818
0.0889947	0.699554107107	-0.0277885197104	0.714039109154	0.000754919869893	0.999271760873	0.0381494169973	-0.714579233763	-0.0261485390328	0.699065642541
0.0892921	0.696496057157	-0.0280220698884	0.717013253688	0.000678660071891	0.999262463552	0.0383935978654	-0.717560298362	-0.026254381267	0.696001383389
0.0895896	0.693430979275	-0.0282562083887	0.719968793538	0.00060149255802	0.999253100379	0.0386378000178	-0.720522806848	-0.0263595916321	0.692930051838
0.0898787	0.690444540193	-0.0284844020486	0.722824304903	0.000525613229916	0.999243934397	0.0388752273499	-0.723385139914	-0.0264612624549	0.689937490604
0.0901679	0.687451929809	-0.028713134554	0.725662042624	0.000448885233343	0.999234706284	0.0391126611088	-0.726229745125	-0.0265623353839	0.68693871607
0.0904571	0.684453456059	-0.0289423926509	0.728481849051	0.000371314023813	0.999225416235	0.0393500911709	-0.729056464627	-0.0266628103715	0.683934036241
0.0907463	0.681449395218	-0.0291721650007	0.731283601995	0.000292904584186	0.999216064387	0.0395875091017	-0.731865176084	-0.0267626878162	0.68092372743
0.0910355	0.678439999029	-0.029402441861	0.734067206821	0.000213661729333	0.999206650834	0.0398249077512	-0.734655784749	-0.0268619683072	0.677908041399
0.0913246	0.675425548268	-0.0296332122283	0.736832546431	0.000133591599859	0.999197175728	0.0400622786407	-0.737428173384	-0.0269606518771	0.674887258992
0.0916138	0.672406299022	-0.0298644672185	0.739579530973	5.27010309968e-05	0.999187639182	0.0402996145	-0.740182252056	-0.0270587380342	0.671861636379
0.091903	0.669382504726	-0.0300961989171	0.742308076999	-2.90016930026e-05	0.999178041312	0.0405369081156	-0.742917937275	-0.0271562252793	0.66883142712
0.0921922	0.666354462821	-0.0303283969859	0.745018065697	-0.000111507245417	0.999168382316	0.0407741504588	-0.74563511012	-0.0272531120383	0.66579692883
0.0924814	0.663322470999	-0.030561050274	0.747709383166	-0.000194807878556	0.99915866238	0.0410113330747	-0.748333656545	-0.0273493984728	0.662758439317
0.0927598	0.660399294695	-0.0307855111109	0.750283295743	-0.000275756949937	0.999149245206	0.0412396624856	-0.750914572721	-0.0274415398522	0.659828967511
0.0930383	0.657472951276	-0.0310103753232	0.752839740558	-0.00035743200245	0.999139771762	0.0414679240671	-0.753478062443	-0.0275331274357	0.656896290376
0.0933168	0.65454366879	-0.031235634917	0.755378660513	-0.000439827265673	0.999130242137	0.041696112528	-0.756024068532	-0.0276241625991	0.653960636003
0.0935952	0.651611664305	-0.0314612827284	0.757900010972	-0.000522936796952	0.999120656404	0.0419242231264	-0.758552546287	-0.0277146466102	0.651022221498
0.0938737	0.648677182361	-0.0316873102157	0.760403726619	-0.000606753686096	0.99911101469	0.0421522499323	-0.761063430296	-0.0278045804803	0.648081291483
0.0941522	0.645740470597	-0.0319137088005	0.762889742901	-0.000691270739147	0.99910131713	0.0423801870328	-0.763556655905	-0.027893965275	0.645138093685
0.0944306	0.642801767175	-0.0321404704955	0.765358006604	-0.000776480883481	0.999091563839	0.0426080290956	-0.766032169817	-0.0279828022596	0.642192866344
0.0947091	0.639861311226	-0.0323675873032	0.767808466799	-0.000862376927464	0.999081754933	0.0428357708721	-0.768489921015	-0.0280710928241	0.639245848673
0.0949876	0.636919340064	-0.0325950513846	0.770241077116	-0.000948951597796	0.999071890527	0.0430634073144	-0.77092986305	-0.0281588384684	0.636297278065
0.095266	0.633976094775	-0.0328228548231	0.772655791058	-0.00103619725506	0.999061970745	0.0432909332996	-0.773351949341	-0.0282460406422	0.633347395699
0.0955445	0.631031802365	-0.0330509902762	0.775052576569	-0.00112410629224	0.999051995706	0.0435183439612	-0.775756147761	-0.0283327005039	0.63039642868
0.095823	0.628086685609	-0.0332794505968	0.777431407604	-0.0012126710508	0.999041965527	0.0437456345913	-0.778142432199	-0.0284188192023	0.627444599886
0.096084	0.625325117606	-0.033493924751	0.779645210526	-0.00129627024446	0.999032512671	0.0439585976846	-0.780363259626	-0.0284990461546	0.6246767063
0.0963451	0.622563290508	-0.0337086690708	0.781843126811	-0.00138043017401	0.999023011644	0.0441714457297	-0.782568235827	-0.0285788004436	0.621908520958
0.0966062	0.619801393127	-0.0339236780214	0.784025138084	-0.00146514413365	0.999013462526	0.0443841756171	-0.784757342387	-0.0286580837119	0.619140232748
0.0968672	0.617039576651	-0.0341389480199	0.786191257313	-0.00155040633578	0.999003865326	0.0445967857987	-0.786930592293	-0.0287368977357	0.616371992892
0.0971283	0.614278032578	-0.0343544732667	0.788341467169	-0.00163620987939	0.998994220139	0.0448092729941	-0.789087968169	-0.028815244153	0.613603992976
0.0973894	0.611516959283	-0.0345702475918	0.790475746934	-0.00172254769861	0.998984527069	0.0450216337567	-0.791229449236	-0.0288931247555	0.610836431463
0.0976504	0.608756546306	-0.0347862652504	0.792594084686	-0.00180941297322	0.998974786206	0.0452338650724	-0.793355023526	-0.0289705414969	0.608069497978
0.0979115	0.605996989731	-0.035002520119	0.794696465339	-0.00189679869462	0.998964997653	0.0454459637142	-0.795464675892	-0.0290474964243	0.60530338869
0.0981726	0.603238480771	-0.0352190063485	0.796782879403	-0.00198469796937	0.998955161505	0.0456579267742	-0.797558396791	-0.0291239917452	0.602538294893
0.0984336	0.600481209836	-0.0354357181252	0.798853319775	-0.00207310388243	0.998945277852	0.045869751441	-0.799636179068	-0.0292000297589	0.59977440708
0.0986947	0.597725364644	-0.0356526497705	0.800907783097	-0.00216200955915	0.998935346784	0.0460814350831	-0.801698019316	-0.0292756128714	0.597011913043
0.0989557	0.594971124218	-0.0358697960723	0.802946274091	-0.00225140833473	0.998925368373	0.0462929755108	-0.803743922221	-0.0293507436169	0.594250991873
0.0992168	0.592218670289	-0.0360871516876	0.804968796938	-0.00234129341463	0.998915342694	0.0465043704924	-0.805773891924	-0.0294254245989	0.591491825371
0.0994779	0.589468195954	-0.036304710662	0.80697534903	-0.00243165762085	0.99890526985	0.0467156173691	-0.807787925758	-0.0294996584508	0.588734606721
0.0997389	0.586719882392	-0.0365224676097	0.808965938075	-0.00252249422879	0.998895149917	0.0469267140788	-0.809786031387	-0.0295734480755	0.585979517167
0.1	0.583973905961	-0.036740417347	0.81094057667	-0.00261379675888	0.99888498296	0.0471376588593	-0.811768221368	-0.0296467966129	0.583226733122
0.100255	0.581293082887	-0.0369535715048	0.81285471355	-0.00270345149885	0.998875002999	0.047343634554	-0.813689770821	-0.0297180405787	0.580539227724
0.10051	0.578621658096	-0.0371663556172	0.814748819449	-0.00279330706603	0.998865003927	0.0475489365444	-0.815591303422	-0.0297886881384	0.577861107742
0.100763	0.57595972892	-0.0373787666031	0.816623057763	-0.00288335509949	0.998854986028	0.0477535668921	-0.817472982383	-0.0298587457001	0.575192470725
0.101017	0.573307408157	-0.0375908004741	0.81847757909	-0.00297358686091	0.998844949623	0.0479575269803	-0.819334958081	-0.0299282196698	0.572533429708
0.101269	0.570664809194	-0.0378024530419	0.82031253196	-0.00306399387015	0.998834895033	0.0481608181688	-0.821177378822	-0.0299971166805	0.569884098306
0.101521	0.568032045425	-0.03801371999	0.822128063298	-0.00315456782525	0.998824822579	0.0483634417967	-0.823000391295	-0.0300654435043	0.567244590133
0.101771	0.565415901107	-0.0382240602901	0.823919765505	-0.00324506827837	0.998814758334	0.0485648851032	-0.824799568566	-0.0301330341677	0.564621706937
0.102021	0.562809765294	-0.0384340084844	0.825692433707	-0.00333571783338	0.998804676971	0.048765666677	-0.826579724574	-0.0302000703929	0.562008820813
0.102271	0.560213742501	-0.0386435607658	0.827446214521	-0.00342650796435	0.998794578809	0.0489657879124	-0.828341005719	-0.030266558345	0.559406036515
0.102519	0.557627933412	-0.0388527134635	0.829181255537	-0.00351743031993	0.998784464158	0.0491652503306	-0.830083559385	-0.0303325042265	0.556813454961
0.102767	0.555052433357	-0.0390614630804	0.830897706295	-0.00360847680962	0.998774333325	0.0493640556111	-0.831807534902	-0.0303979142916	0.554231171702
0.103015	0.55248733649	-0.0392698060893	0.832595715427	-0.00369963946224	0.998764186613	0.0495622054319	-0.833513080693	-0.0304627948346	0.55165928112
0.103262	0.549932739003	-0.0394777387967	0.834275428568	-0.00379091028995	0.998754024332	0.0497597013556	-0.835200342176	-0.0305271521653	0.549097879625
0.103508	0.547388727844	-0.0396852579112	0.835936995792	-0.00388228163228	0.998743846778	0.0499565452428	-0.836869469223	-0.0305909925925	0.546547054382
0.103753	0.544855383019	-0.0398923604191	0.837580569961	-0.00397374608827	0.998733654233	0.0501527391523	-0.838520614498	-0.0306543224138	0.5440068856
0.103998	0.542332786168	-0.0400990431716	0.839206301087	-0.00406529623777	0.998723446986	0.0503482850376	-0.840153927809	-0.0307171479217	0.541477455126
0.104242	0.539821017302	-0.0403053030467	0.840814338499	-0.00415692473582	0.998713225326	0.0505431848595	-0.841769558285	-0.0307794753905	0.538958843177
0.104486	0.537320151251	-0.0405111371	0.8424048331	-0.00424862443196	0.998702989533	0.0507374406867	-0.84336765663	-0.0308413110594	0.536451124784
0.104729	0.53483026328	-0.0407165423244	0.843977933752	-0.00434038813048	0.998692739895	0.0509310544986	-0.844948371506	-0.0309026610927	0.533954375417
0.104972	0.532351421021	-0.0409215160807	0.845533792381	-0.00443220879279	0.998682476685	0.0511240284751	-0.846511854649	-0.0309635315162	0.531468662909
0.105213	0.529883680999	-0.041126056187	0.847072566026	-0.0045240796613	0.998672200166	0.0513163650246	-0.848058262924	-0.0310239281623	0.528994043981
0.105455	0.52742710799	-0.0413301599224	0.848594404671	-0.00461599362586	0.998661910626	0.0515080660473	-0.849587746122	-0.0310838566764	0.526530583626
0.105696	0.524975533533	-0.0415343441179	0.850103280461	-0.00470817906415	0.998651582012	0.0516996208432	-0.851104295748	-0.031143474503	0.524072095951
0.105936	0.522535294892	-0.0417380849709	0.851595442599	-0.00480039416094	0.998641240865	0.0518905411357	-0.852604141327	-0.0312026330046	0.521624936027
0.106176	0.520106442829	-0.0419413803013	0.853071045544	-0.00489263229331	0.998630887456	0.0520808291896	-0.854087437138	-0.0312613377553	0.519189154822
0.106416	0.517689032749	-0.0421442276487	0.854530239048	-0.0049848867237	0.998620522064	0.0522704870604	-0.855554332743	-0.0313195943312	0.516764807949
0.106654	0.515283108859	-0.0423466250028	0.855973177778	-0.00507715110692	0.998610144954	0.0524595170791	-0.857004982635	-0.0313774082168	0.514351939816
0.106893	0.512888712188	-0.0425485704272	0.857400016366	-0.00516941930657	0.998599756385	0.052647921638	-0.858439541269	-0.0314347849263	0.511950591642
0.10713	0.510505885032	-0.0427500618894	0.858810906752	-0.00526168536589	0.998589356612	0.0528357031623	-0.859858160405	-0.0314917301843	0.509560805905
0.107367	0.508134662165	-0.0429510976449	0.860206003419	-0.00535394369748	0.998578945877	0.053022864292	-0.861260994353	-0.0315482497446	0.50718261755
0.107603	0.505775078495	-0.0431516758515	0.861585458817	-0.00544618868328	0.998568524429	0.0532094075188	-0.862648195386	-0.03160434924	0.504816061657
0.107839	0.503427170372	-0.0433517945534	0.862949422643	-0.00553841462544	0.998558092523	0.0533953351968	-0.86401991302	-0.0316600342126	0.502461174758
0.108074	0.501090967961	-0.0435514520689	0.864298046307	-0.00563061604028	0.998547650403	0.0535806498404	-0.865376298492	-0.0317153101356	0.500117987191
0.108309	0.498766498897	-0.0437506468026	0.86563148076	-0.00572278754865	0.998537198312	0.0537653539949	-0.866717502581	-0.0317701824338	0.497786526764
0.108542	0.496453829225	-0.0439493753077	0.866949853139	-0.00581492222584	0.998526736575	0.0539494487909	-0.868043652202	-0.0318246564065	0.495466859756
0.108776	0.494147134283	-0.0441481418617	0.868256616013	-0.00590724965323	0.998516238658	0.0541334050052	-0.869358219655	-0.0318788755462	0.493153143772
0.10901	0.491852323026	-0.0443464381132	0.869548552849	-0.00599952978793	0.998505731491	0.0543167545225	-0.870657968422	-0.031932704336	0.490851305812
0.109242	0.489569381014	-0.0445442642784	0.870825832008	-0.00609175900133	0.998495215235	0.0544995011485	-0.871943066745	-0.0319861481436	0.488561331545
0.109475	0.487298331794	-0.0447416186487	0.872088598361	-0.00618393245726	0.998484690129	0.0546816473605	-0.873213659313	-0.0320392125275	0.486283244674
0.109706	0.485039188516	-0.0449384999805	0.873337000718	-0.00627604573025	0.998474156392	0.0548631959327	-0.874469894767	-0.032091902989	0.484017058489
0.109937	0.482791958787	-0.045134907241	0.874571189028	-0.00636809464244	0.998463614234	0.0550441497525	-0.875711922895	-0.0321442249821	0.481762780733
0.110167	0.480556650226	-0.0453308393625	0.875791311287	-0.00646007499809	0.998453063868	0.0552245116241	-0.876939891529	-0.03219618387	0.479520419158
0.110398	0.478327576946	-0.0455267964126	0.877000592897	-0.00655221889199	0.998442478379	0.0554047452449	-0.878157046069	-0.0322479173974	0.477284269868
0.110627	0.476110497685	-0.045722273896	0.878196030316	-0.00664428539279	0.99843188507	0.0555843894253	-0.879360362687	-0.032299296369	0.475060109869
0.110857	0.473905414593	-0.0459172710256	0.879377769927	-0.00673627022884	0.998421284151	0.0557634469675	-0.880549987612	-0.0323503257457	0.472847941458
0.111085	0.471712326547	-0.0461117871644	0.880545957953	-0.00682816922547	0.998410675829	0.0559419207288	-0.881726066921	-0.0324010103902	0.470647763659
0.111314	0.469525634204	-0.0463063203434	0.881703693721	-0.00692021491022	0.998400032969	0.0561202707944	-0.882891720117	-0.0324514847841	0.46845395898
0.111542	0.46735099785	-0.046500368542	0.882848095957	-0.00701216610702	0.998389383087	0.0562980396252	-0.884044045473	-0.0325016224919	0.46627220612
0.111769	0.465188414344	-0.0466939310569	0.883979307429	-0.00710401892396	0.998378726391	0.0564752300172	-0.885183185604	-0.0325514284298	0.464102502075
0.111996	0.463037878584	-0.0468870072247	0.885097470084	-0.00719576959844	0.998368063083	0.0566518447642	-0.886309282303	-0.0326009074844	0.461944841875
0.112223	0.46089387689	-0.0470800928809	0.886205562553	-0.00728765141968	0.998357365805	0.0568283404604	-0.887425334539	-0.0326501913781	0.459793693542
0.112449	0.458761960726	-0.0472726888489	0.887300826259	-0.0073794237018	0.998346662267	0.0570042634001	-0.888528563129	-0.0326991563951	0.457654627065
0.112675	0.456642119624	-0.0474647945867	0.888383401387	-0.0074710830342	0.998335952666	0.0571796164079	-0.889619108104	-0.0327478073937	0.4555276321
0.1129	0.454534343896	-0.0476564094815	0.889453425905	-0.00756262603273	0.9983252372	0.0573544022383	-0.890697107274	-0.0327961492246	0.453412699082
0.113125	0.452433211201	-0.0478480269558	0.890513759421	-0.00765428638072	0.998314488301	0.0575290739432	-0.891765440742	-0.0328443110022	0.45130438723
0.113349	0.450344168201	-0.0480391505749	0.891561759039	-0.00774582382168	0.998303733871	0.0577031814738	-0.892821444848	-0.032892171575	0.449208161845
0.113573	0.448267199446	-0.0482297798559	0.892597561186	-0.0078372353053	0.998292974105	0.057876727588	-0.893865255866	-0.0329397357089	0.447124007595
